8.106551376252133512e-01 1.893448623747866488e-01
8.733241034963969973e-01 1.266758965036031970e-01
5.112517363789493841e-01 4.887482636210505049e-01
4.635544303438548508e-01 5.364455696561450937e-01
8.412774971207914732e-01 1.587225028792084158e-01
7.174831851870720756e-02 9.282516814812931116e-01
2.281762921415959877e-01 7.718237078584038180e-01
1.389135252010966770e-01 8.610864747989033230e-01
8.667285398325530466e-01 1.332714601674467592e-01
8.092284520680569360e-01 1.907715479319431751e-01
4.913025026203814427e-01 5.086974973796184463e-01
7.545326996876725589e-01 2.454673003123272745e-01
5.909988546703306422e-01 4.090011453296694133e-01
5.992328381006760685e-01 4.007671618993239315e-01
4.421399911345071099e-02 9.557860008865491919e-01
6.256233211492647772e-01 3.743766788507351673e-01
8.451275581592222752e-02 9.154872441840776753e-01
6.402271588590627838e-01 3.597728411409372162e-01
8.015265490274469107e-01 1.984734509725531171e-01
5.368842820039394503e-01 4.631157179960604942e-01
7.833811846715584837e-01 2.166188153284414886e-01
3.701032334754446040e-01 6.298967665245552849e-01
8.043209120697939474e-01 1.956790879302058861e-01
5.132137385115824735e-01 4.867862614884173600e-01
6.874612975161923378e-01 3.125387024838075511e-01
7.985710341798728240e-02 9.201428965820125372e-01
2.597071538917151146e-01 7.402928461082851630e-01
7.124069439313395202e-01 2.875930560686603688e-01
3.127199196458014807e-01 6.872800803541984083e-01
4.558632963185555997e-01 5.441367036814445113e-01
8.064330487442780138e-01 1.935669512557218475e-01
4.347860504018420946e-01 5.652139495981580719e-01
8.908086942007175102e-01 1.091913057992824482e-01
5.681202662072829535e-01 4.318797337927172686e-01
7.538178189330058121e-01 2.461821810669942989e-01
4.591871325626510347e-01 5.408128674373489098e-01
1.726360003386099295e-01 8.273639996613900705e-01
7.611113271780433065e-01 2.388886728219566102e-01
8.210471958912903823e-01 1.789528041087094512e-01
4.495935237252122185e-01 5.504064762747876705e-01
7.957919279894228870e-01 2.042080720105771130e-01
6.600804623819972461e-01 3.399195376180026429e-01
6.424031786057559090e-01 3.575968213942440910e-01
8.884078596415398987e-01 1.115921403584598931e-01
6.209851169882887878e-02 9.379014883011709269e-01
6.702309230151913821e-01 3.297690769848086179e-01
5.909888500742206396e-01 4.090111499257794714e-01
8.653983061373586860e-01 1.346016938626414250e-01
2.715825371708585068e-01 7.284174628291413267e-01
9.168709191477694143e-01 8.312908085223053023e-02
8.401812812403082198e-01 1.598187187596917247e-01
7.417804710829698500e-01 2.582195289170300945e-01
2.357991885813630339e-01 7.642008114186368273e-01
3.081472420979090021e-01 6.918527579020908869e-01
3.461583762657516328e-01 6.538416237342484783e-01
2.189878310472757328e-01 7.810121689527242950e-01
7.198887592422337223e-01 2.801112407577659447e-01
7.856014305411636034e-01 2.143985694588365631e-01
6.095851706462038777e-01 3.904148293537961223e-01
1.162066161188092528e-01 8.837933838811905529e-01
8.100667242393476686e-01 1.899332757606521649e-01
7.685177140709283927e-01 2.314822859290715518e-01
8.454462470581196598e-01 1.545537529418802569e-01
2.809264011519865267e-01 7.190735988480133623e-01
5.086519420919215495e-01 4.913480579080786170e-01
3.246555043758126979e-01 6.753444956241875241e-01
5.000000000000000000e-01 5.000000000000000000e-01
8.861417513776606025e-01 1.138582486223391754e-01
2.450463740109695698e-01 7.549536259890302636e-01
8.260512999459264094e-01 1.739487000540734796e-01
7.948619248592834197e-01 2.051380751407164138e-01
6.666931594865501687e-01 3.333068405134497203e-01
3.624545692564648536e-02 9.637545430743535979e-01
8.921435246631091998e-01 1.078564753368906476e-01
6.043353462270026899e-01 3.956646537729974766e-01
2.741018966639218180e-01 7.258981033360780710e-01
7.939306112189012943e-01 2.060693887810986502e-01
5.181386065626133464e-01 4.818613934373864871e-01
3.306068315709588812e-01 6.693931684290409523e-01
3.189869256808496867e-01 6.810130743191503688e-01
6.254472526195813398e-01 3.745527473804186047e-01
7.868570384539176343e-01 2.131429615460821714e-01
4.051852074602551590e-01 5.948147925397448965e-01
2.126179268605987716e-01 7.873820731394011174e-01
6.994270366765811264e-01 3.005729633234189291e-01
7.601911856169552006e-02 9.239808814383045910e-01
4.344026296266731979e-01 5.655973703733266911e-01
4.903344801014381527e-01 5.096655198985620139e-01
6.847053228907363787e-01 3.152946771092634548e-01
4.502799868722919818e-01 5.497200131277079072e-01
7.478052535468674433e-01 2.521947464531326122e-01
1.922483745101701558e-01 8.077516254898299275e-01
4.166905940423475951e-01 5.833094059576524604e-01
3.384007079833161180e-01 6.615992920166835489e-01
3.269622784393798609e-01 6.730377215606200281e-01
6.522513847319898472e-01 3.477486152680101528e-01
8.281709692931018552e-01 1.718290307068980893e-01
5.997809233690549746e-01 4.002190766309450809e-01
2.982574837402936496e-01 7.017425162597062949e-01
1.647854831246317597e-01 8.352145168753682958e-01
7.941907681258392193e-01 2.058092318741607807e-01
5.858775776372422417e-01 4.141224223627575918e-01
8.857074711575920745e-01 1.142925288424078145e-01
6.942855531390492718e-01 3.057144468609505616e-01
3.401483379069358270e-01 6.598516620930642285e-01
8.408771694571028910e-01 1.591228305428971368e-01
2.738189572405855809e-01 7.261810427594143080e-01
3.815440961519591112e-01 6.184559038480409443e-01
2.254138524282754963e-01 7.745861475717243927e-01
7.680928909110821268e-01 2.319071090889177900e-01
5.095360855399629907e-01 4.904639144600371203e-01
1.979454141418803825e-01 8.020545858581197285e-01
3.621537370152982382e-01 6.378462629847015952e-01
7.842909672076254779e-01 2.157090327923746886e-01
3.911540609225478971e-01 6.088459390774519919e-01
6.890166256012233426e-01 3.109833743987766574e-01
2.618691671537754506e-01 7.381308328462244939e-01
4.484721142103660352e-01 5.515278857896340758e-01
5.862424605923574061e-01 4.137575394076423718e-01
8.772517249921729654e-02 9.122748275007827035e-01
8.614411958820971105e-01 1.385588041179029173e-01
6.071230872824314728e-01 3.928769127175685272e-01
8.611158721970392227e-01 1.388841278029608051e-01
4.245764143722239314e-01 5.754235856277760686e-01
5.320427807309120460e-01 4.679572192690879540e-01
1.183126211077894646e-01 8.816873788922106048e-01
7.408803792322242732e-01 2.591196207677758934e-01
4.286433988754172475e-01 5.713566011245829745e-01
4.176649042302973958e-01 5.823350957697026598e-01
2.129700671790173694e-01 7.870299328209827694e-01
8.114840098508577793e-01 1.885159901491423595e-01
4.485456414501582945e-01 5.514543585498415945e-01
8.336836893424656170e-01 1.663163106575343830e-01
5.088650746883456311e-01 4.911349253116543689e-01
6.633439142301613689e-01 3.366560857698385201e-01
7.167505484294470763e-01 2.832494515705529237e-01
8.169724718505131378e-01 1.830275281494869732e-01
8.154037996943570565e-01 1.845962003056429712e-01
7.056388512307325556e-01 2.943611487692675555e-01
8.053594288376177968e-01 1.946405711623823143e-01
1.824048950695357219e-01 8.175951049304642781e-01
8.289392053943361871e-02 9.171060794605664368e-01
6.116142595238003299e-01 3.883857404761997256e-01
8.655530236718717019e-01 1.344469763281282704e-01
9.166510765348445666e-01 8.334892346515533623e-02
4.759098822189982148e-01 5.240901177810016742e-01
2.710793125740801335e-01 7.289206874259197555e-01
4.725022218182195477e-01 5.274977781817805633e-01
6.002671295993882161e-01 3.997328704006119504e-01
7.115412411819190819e-01 2.884587588180809736e-01
5.228618459056302292e-01 4.771381540943697708e-01
3.533158896974074037e-01 6.466841103025926518e-01
8.677267274712224809e-01 1.322732725287774358e-01
7.174576974201282153e-01 2.825423025798716736e-01
6.250418063798002244e-01 3.749581936201997756e-01
6.314966344661543385e-01 3.685033655338456060e-01
6.234844581701071142e-01 3.765155418298927748e-01
1.685873703515941568e-01 8.314126296484056766e-01
4.168599151153110083e-01 5.831400848846889362e-01
5.000000000000000000e-01 5.000000000000000000e-01
3.043094707970587787e-01 6.956905292029410548e-01
1.644258347692674205e-01 8.355741652307326905e-01
7.447243871001438809e-01 2.552756128998561191e-01
6.342370444731670887e-01 3.657629555268329113e-01
8.127723844670414755e-01 1.872276155329584413e-01
8.268056821659507394e-01 1.731943178340493716e-01
8.578995905323165694e-01 1.421004094676836249e-01
2.821239935251310671e-01 7.178760064748689329e-01
8.549511702063430363e-01 1.450488297936569082e-01
2.004844156414945511e-01 7.995155843585055599e-01
7.766898400271279312e-01 2.233101599728720410e-01
8.773663961045714554e-01 1.226336038954283919e-01
4.608719620651202664e-01 5.391280379348798446e-01
5.805034105276172252e-01 4.194965894723828304e-01
1.547427746633968648e-01 8.452572253366031907e-01
7.259393248926813147e-01 2.740606751073187408e-01
2.315174310158873705e-01 7.684825689841126017e-01
4.007684056113773874e-01 5.992315943886225016e-01
4.180337510862376371e-01 5.819662489137624739e-01
6.990310899789149435e-01 3.009689100210851675e-01
2.224321109483899661e-01 7.775678890516102282e-01
8.790055611475514619e-01 1.209944388524486353e-01
6.415836363542033460e-01 3.584163636457965429e-01
3.130852271816846888e-01 6.869147728183154777e-01
2.872208727528958172e-01 7.127791272471041273e-01
4.693019528225007009e-01 5.306980471774993546e-01
5.392968953349263073e-01 4.607031046650738038e-01
4.725023141435104046e-01 5.274976858564894844e-01
6.415744413030836091e-01 3.584255586969163354e-01
7.681639545815522885e-01 2.318360454184476283e-01
2.864678938950862563e-01 7.135321061049136881e-01
2.747588123097111645e-01 7.252411876902890020e-01
1.718956224765408602e-01 8.281043775234593340e-01
7.034544593298760473e-01 2.965455406701237306e-01
8.419095460699757005e-01 1.580904539300243550e-01
4.875787225094195820e-01 5.124212774905805290e-01
8.529110248519961024e-01 1.470889751480036478e-01
1.988845042828036314e-01 8.011154957171963131e-01
4.144440561876328588e-01 5.855559438123670857e-01
2.647978305476617056e-01 7.352021694523385165e-01
1.850345848376500346e-01 8.149654151623498821e-01
7.193761463582679649e-01 2.806238536417317020e-01
1.930766518291000822e-01 8.069233481708998346e-01
2.150246735367712381e-01 7.849753264632288730e-01
6.969748724566887654e-01 3.030251275433113456e-01
4.444744243048406873e-01 5.555255756951592572e-01
6.345437742276076598e-01 3.654562257723924512e-01
7.463115323941746926e-01 2.536884676058252519e-01
6.510942053245911687e-01 3.489057946754088313e-01
8.316008621236359311e-01 1.683991378763640967e-01
7.445891896523886000e-02 9.255410810347611816e-01
5.464895642762729322e-01 4.535104357237270678e-01
6.538805081542887754e-01 3.461194918457112801e-01
7.239443569001551282e-01 2.760556430998448163e-01
2.107814849854429406e-01 7.892185150145568651e-01
4.942150341770890631e-01 5.057849658229112144e-01
3.024247588939750764e-01 6.975752411060250902e-01
4.588314996989573680e-01 5.411685003010425765e-01
8.772834884828819568e-01 1.227165115171180848e-01
7.647898935083599081e-01 2.352101064916400086e-01
8.239997753327804597e-01 1.760002246672197623e-01
5.678862631012588924e-01 4.321137368987410521e-01
8.633703856131379473e-01 1.366296143868619695e-01
8.350860524835407306e-01 1.649139475164592972e-01
6.821523500956977459e-01 3.178476499043021986e-01
2.990658483907523424e-01 7.009341516092475466e-01
3.243428060780150224e-01 6.756571939219849776e-01
1.944905730321221660e-01 8.055094269678776397e-01
6.087224876306136512e-01 3.912775123693863488e-01
3.713373138687787178e-01 6.286626861312211156e-01
6.238411179577570964e-01 3.761588820422427371e-01
7.772537656070304113e-01 2.227462343929698940e-01
8.437019786283106448e-01 1.562980213716891331e-01
5.835175485900324643e-01 4.164824514099676467e-01
2.303942728422125885e-01 7.696057271577873005e-01
5.736793396550246005e-01 4.263206603449756771e-01
4.766560440357456852e-01 5.233439559642543148e-01
8.338957235440782600e-01 1.661042764559217122e-01
7.820886339194328407e-01 2.179113660805671038e-01
5.817448436094303510e-01 4.182551563905696490e-01
6.105437361277917807e-01 3.894562638722083303e-01
7.903828918417991067e-01 2.096171081582009765e-01
1.623387353178054049e-01 8.376612646821947061e-01
4.102083624275543183e-01 5.897916375724455706e-01
3.533762077377127220e-01 6.466237922622873890e-01
8.010050924480958123e-01 1.989949075519043264e-01
4.866683562431510235e-01 5.133316437568489210e-01
5.000000000000000000e-01 5.000000000000000000e-01
6.584461180247678236e-01 3.415538819752323429e-01
3.450736140374623395e-01 6.549263859625374939e-01
7.617933329765713690e-01 2.382066670234286587e-01
4.607897820374106113e-01 5.392102179625893887e-01
7.642734754485766002e-01 2.357265245514234275e-01
5.754210885788424434e-01 4.245789114211575566e-01
8.615978265997648045e-01 1.384021734002349457e-01
1.149971426116414563e-01 8.850028573883585992e-01
2.451941538597822434e-01 7.548058461402177288e-01
6.189047976608331725e-01 3.810952023391667165e-01
1.596537181456929300e-01 8.403462818543071533e-01
8.161590928068542805e-01 1.838409071931459415e-01
6.989751382486072417e-01 3.010248617513929803e-01
7.971784103273957811e-01 2.028215896726043854e-01
9.099028206836693444e-01 9.009717931633075272e-02
3.348918158766281961e-01 6.651081841233720260e-01
6.423023816379522799e-01 3.576976183620476646e-01
7.114385895056316578e-01 2.885614104943678981e-01
7.422379414057955760e-01 2.577620585942042575e-01
7.913901805639959042e-01 2.086098194360040403e-01
8.045033035533037946e-01 1.954966964466961776e-01
6.382712510195026612e-01 3.617287489804972833e-01
9.246694466629236109e-01 7.533055333707630585e-02
8.341533810674427452e-01 1.658466189325571993e-01
5.565179351364997196e-01 4.434820648635003915e-01
4.514208085939932502e-01 5.485791914060066388e-01
7.362783622405157935e-01 2.637216377594841510e-01
2.765223086978406686e-01 7.234776913021594424e-01
5.000000000000000000e-01 5.000000000000000000e-01
3.258016734133051262e-01 6.741983265866948738e-01
3.500661807660177538e-01 6.499338192339820797e-01
7.581224317395832690e-01 2.418775682604166755e-01
5.000000000000000000e-01 5.000000000000000000e-01
4.855834350512077124e-01 5.144165649487923986e-01
7.768157839710173596e-01 2.231842160289825572e-01
6.579885246106605967e-01 3.420114753893392368e-01
9.169606250145014847e-01 8.303937498549864016e-02
7.916809939121293160e-01 2.083190060878706840e-01
4.155809760023780886e-01 5.844190239976220225e-01
9.137399557561255437e-01 8.626004424387424818e-02
5.687527607889846237e-01 4.312472392110153763e-01
4.446656937719961067e-01 5.553343062280039488e-01
9.244441144850491510e-01 7.555588551495082128e-02
6.654763443340050433e-01 3.345236556659949567e-01
9.337290702599253256e-02 9.066270929740075646e-01
3.567565671645905878e-01 6.432434328354095232e-01
8.352651968098157020e-01 1.647348031901842424e-01
3.899780023923619665e-01 6.100219976076380890e-01
9.682526517757571449e-01 3.174734822424286201e-02
4.566845721375352718e-01 5.433154278624647837e-01
5.663183584397274428e-01 4.336816415602727237e-01
5.920089553976829455e-01 4.079910446023171655e-01
7.998592470988581393e-01 2.001407529011418884e-01
6.696484799000896881e-01 3.303515200999104229e-01
7.350362410320661066e-01 2.649637589679340044e-01
8.707557626836051057e-01 1.292442373163947000e-01
9.779216433701808098e-02 9.022078356629820162e-01
2.966338897771417238e-01 7.033661102228583317e-01
8.812339635201261734e-01 1.187660364798739376e-01
4.309217444045860268e-01 5.690782555954139177e-01
4.288114114088623086e-01 5.711885885911376359e-01
6.536964962666583778e-01 3.463035037333416222e-01
7.765855155525146492e-01 2.234144844474854896e-01
6.082696078628545555e-01 3.917303921371456110e-01
8.612450273525427136e-01 1.387549726474570644e-01
5.609465702789111496e-01 4.390534297210887948e-01
7.573829026244317530e-01 2.426170973755682747e-01
3.821279671463123084e-01 6.178720328536877471e-01
1.478554873192156616e-01 8.521445126807841719e-01
5.647083623373698735e-01 4.352916376626299599e-01
2.280813398738618936e-01 7.719186601261383007e-01
5.948187175835393248e-01 4.051812824164605087e-01
7.942391801918602390e-01 2.057608198081398165e-01
5.602700408356281470e-01 4.397299591643719086e-01
1.873776847966254211e-01 8.126223152033745789e-01
5.059411279012976381e-01 4.940588720987022509e-01
5.391272067049570627e-01 4.608727932950428263e-01
7.266419801992884953e-01 2.733580198007116158e-01
6.507242310164427224e-01 3.492757689835572776e-01
5.433800684552593241e-01 4.566199315447407869e-01
8.025140314709017231e-01 1.974859685290982214e-01
8.851657678280029362e-01 1.148342321719971471e-01
9.126833591450523864e-01 8.731664085494741934e-02
8.327858303343537161e-01 1.672141696656464227e-01
7.494511210443348670e-01 2.505488789556651330e-01
6.483805659569418234e-01 3.516194340430582876e-01
2.744323619687773497e-01 7.255676380312228169e-01
6.320920127887973139e-02 9.367907987211203658e-01
8.251626634445032860e-01 1.748373365554967418e-01
5.317293545710171099e-01 4.682706454289829456e-01
2.489213582085605114e-01 7.510786417914396829e-01
7.749373686362567293e-01 2.250626313637431875e-01
6.769967652479639275e-01 3.230032347520363500e-01
8.855071165606077654e-01 1.144928834393920680e-01
2.620030604232461702e-01 7.379969395767539408e-01
3.023908011440555321e-01 6.976091988559445234e-01
2.213338910884735666e-01 7.786661089115267664e-01
2.077535709594050817e-01 7.922464290405950571e-01
5.117763228927518782e-01 4.882236771072481218e-01
7.315317032579562451e-01 2.684682967420439215e-01
3.521390369804685005e-01 6.478609630195315550e-01
1.934011275032375410e-01 8.065988724967624313e-01
2.698095409765804420e-01 7.301904590234195025e-01
5.000000000000000000e-01 5.000000000000000000e-01
5.732546133927454157e-01 4.267453866072544733e-01
4.788421189244534415e-01 5.211578810755465030e-01
1.648116938866297787e-01 8.351883061133702491e-01
7.349546943084075412e-01 2.650453056915925143e-01
3.706622631234830489e-01 6.293377368765170621e-01
7.265187624606340711e-01 2.734812375393660400e-01
1.670949975440805257e-01 8.329050024559194743e-01
3.640855941375949895e-02 9.635914405862404664e-01
3.436382075916770695e-01 6.563617924083230415e-01
8.473288767426873092e-01 1.526711232573128851e-01
7.478682765168203073e-01 2.521317234831798038e-01
7.505468459040410822e-01 2.494531540959591120e-01
6.188665805555720878e-01 3.811334194444279122e-01
9.065075688047995461e-01 9.349243119520038448e-02
4.198864114903260725e-01 5.801135885096738720e-01
1.361018970785068949e-01 8.638981029214930496e-01
1.235065113701392520e-01 8.764934886298607619e-01
8.531026375111592230e-01 1.468973624888406382e-01
2.981560175213961994e-01 7.018439824786038006e-01
6.329050585932034512e-01 3.670949414067964933e-01
7.638502448389999921e-01 2.361497551610000634e-01
5.492517932011463655e-01 4.507482067988536345e-01
6.056196594898589636e-01 3.943803405101412030e-01
6.207642608654534433e-01 3.792357391345466122e-01
7.435035693738793749e-02 9.256496430626123262e-01
2.906557699461508326e-01 7.093442300538492784e-01
7.211181262743550091e-01 2.788818737256451574e-01
7.143357716655625023e-01 2.856642283344376088e-01
7.787521252839683106e-01 2.212478747160316894e-01
5.981342346207418892e-01 4.018657653792581108e-01
7.505123849834216543e-01 2.494876150165785678e-01
7.570465496609781741e-01 2.429534503390220479e-01
7.146489843169722134e-01 2.853510156830278977e-01
5.157014448082819502e-01 4.842985551917181053e-01
7.990161476327675150e-01 2.009838523672326238e-01
4.888191160939419078e-01 5.111808839060582033e-01
4.272403162634126339e-01 5.727596837365875881e-01
8.516030918176031861e-01 1.483969081823969804e-01
1.480758799158203576e-01 8.519241200841797257e-01
9.585150018275615524e-01 4.148499817243842674e-02
3.041952051183446359e-01 6.958047948816554751e-01
4.565508980918855375e-01 5.434491019081144625e-01
1.764648149026977197e-01 8.235351850973021692e-01
8.353789332366367004e-01 1.646210667633632718e-01
6.436257229774109412e-01 3.563742770225890588e-01
2.945910940774666975e-01 7.054089059225330249e-01
3.949539071713031313e-01 6.050460928286969242e-01
8.032188768514623156e-01 1.967811231485376844e-01
7.599680998131977949e-01 2.400319001868020108e-01
2.360151417468961954e-01 7.639848582531039156e-01
3.387424328930182527e-01 6.612575671069820249e-01
9.096979548326569187e-01 9.030204516734299802e-02
4.532660588813438585e-01 5.467339411186561415e-01
8.151778555370566837e-01 1.848221444629433441e-01
3.565419972641349911e-01 6.434580027358650645e-01
6.969546999147142596e-01 3.030453000852853518e-01
7.797033471186664011e-01 2.202966528813333213e-01
1.827778828399638789e-01 8.172221171600360101e-01
2.494333720780246844e-01 7.505666279219752601e-01
4.740142629850755962e-01 5.259857370149244593e-01
5.463357432838770178e-01 4.536642567161229267e-01
8.345274816349994573e-01 1.654725183650004594e-01
1.785291424474351463e-01 8.214708575525647705e-01
8.544045592163999059e-01 1.455954407836001219e-01
3.295729267449858391e-01 6.704270732550143830e-01
5.081492168630680206e-01 4.918507831369317573e-01
1.810045445811796494e-01 8.189954554188205726e-01
6.334660896750555770e-01 3.665339103249442565e-01
5.803322066394296375e-01 4.196677933605702515e-01
9.053459579957162662e-01 9.465404200428395587e-02
6.055679307795274191e-01 3.944320692204727474e-01
5.116272095074662074e-01 4.883727904925340146e-01
5.925088198195457290e-01 4.074911801804544376e-01
5.506989430506245009e-01 4.493010569493754436e-01
7.897802573487123778e-01 2.102197426512872891e-01
9.096294047075873523e-01 9.037059529241253664e-02
7.269126660730651501e-01 2.730873339269349609e-01
9.166936861664177760e-01 8.330631383358198805e-02
8.395368275333141561e-01 1.604631724666857884e-01
8.062089741583807756e-01 1.937910258416191689e-01
3.816856775118073197e-01 6.183143224881928468e-01
2.133417305732459301e-01 7.866582694267542086e-01
8.433267595900654223e-01 1.566732404099345222e-01
6.277583806830107083e-01 3.722416193169892917e-01
3.488248586896086634e-01 6.511751413103914476e-01
2.335918648614522253e-01 7.664081351385476637e-01
3.832322841095557320e-01 6.167677158904442125e-01
7.928024205773644972e-01 2.071975794226356138e-01
7.351306733747197120e-01 2.648693266252800105e-01
5.578629027093087167e-01 4.421370972906911168e-01
4.437892979078048028e-01 5.562107020921951417e-01
8.216408800798945533e-01 1.783591199201055855e-01
3.409955478621236602e-01 6.590044521378763953e-01
2.784369969061042394e-01 7.215630030938959827e-01
5.218614761766431354e-01 4.781385238233568646e-01
3.040974558570680997e-01 6.959025441429316228e-01
7.447696076922053487e-01 2.552303923077945957e-01
7.387365097553196813e-01 2.612634902446804852e-01
5.878947395377422946e-01 4.121052604622574833e-01
6.307989245425399405e-01 3.692010754574600040e-01
7.464355167860856621e-01 2.535644832139146154e-01
8.617826011103796313e-01 1.382173988896203132e-01
5.000000000000000000e-01 5.000000000000000000e-01
7.940523208517834552e-01 2.059476791482166280e-01
4.112623748898124321e-01 5.887376251101875679e-01
6.945633955239707280e-01 3.054366044760293830e-01
6.003018330248871548e-01 3.996981669751127342e-01
1.505109584514341958e-01 8.494890415485657487e-01
8.350318736992078383e-01 1.649681263007921894e-01
3.281221995406083947e-01 6.718778004593916053e-01
4.241015057660154630e-01 5.758984942339846480e-01
1.498841941402787037e-01 8.501158058597214628e-01
5.000000000000000000e-01 5.000000000000000000e-01
1.976463732147880070e-01 8.023536267852120485e-01
6.908329638103457571e-01 3.091670361896543540e-01
5.626643483826296865e-01 4.373356516173703135e-01
6.891661371234959477e-01 3.108338628765041634e-01
8.522706251618314965e-01 1.477293748381683924e-01
6.781567854129681994e-01 3.218432145870317451e-01
7.841346330171565793e-01 2.158653669828433375e-01
6.155695823749433027e-01 3.844304176250565863e-01
1.843423610984171734e-01 8.156576389015829376e-01
6.233508408719148353e-01 3.766491591280852758e-01
1.599692824293406646e-01 8.400307175706591689e-01
5.627267818715083747e-01 4.372732181284916253e-01
6.778351782036620143e-01 3.221648217963380967e-01
4.566075204542465737e-01 5.433924795457533152e-01
6.921028943020555158e-01 3.078971056979443177e-01
3.081067446470917570e-01 6.918932553529082430e-01
5.524430703994636094e-01 4.475569296005363906e-01
5.261657251019622450e-01 4.738342748980378660e-01
7.281939273761415254e-01 2.718060726238584746e-01
4.150365528551949179e-01 5.849634471448050821e-01
7.473920649467065136e-01 2.526079350532932644e-01
7.349109594008514934e-01 2.650890405991486731e-01
6.554355375925712268e-01 3.445644624074288842e-01
5.000000000000000000e-01 5.000000000000000000e-01
7.325599384759420296e-01 2.674400615240578594e-01
8.039005479184160308e-01 1.960994520815839692e-01
4.412537869880493457e-01 5.587462130119507098e-01
4.413683949238577653e-01 5.586316050761422902e-01
8.703123243235840745e-01 1.296876756764159533e-01
1.242166716808527221e-01 8.757833283191472917e-01
7.836729035062478532e-01 2.163270964937518970e-01
7.628580829980018407e-01 2.371419170019979372e-01
9.389594862364306627e-01 6.104051376356945530e-02
7.135971497724272750e-01 2.864028502275728361e-01
5.772011258708793502e-01 4.227988741291204833e-01
4.696434800142522126e-01 5.303565199857477319e-01
7.045533263816187164e-01 2.954466736183810616e-01
7.290846879896887289e-01 2.709153120103113821e-01
5.191093431798993185e-01 4.808906568201007925e-01
3.361305329524585245e-02 9.663869467047543349e-01
8.017565914329750631e-01 1.982434085670247426e-01
5.354271409053097397e-01 4.645728590946900938e-01
7.627300431897982014e-01 2.372699568102017986e-01
7.797901499812150972e-01 2.202098500187848473e-01
5.723238306929423480e-01 4.276761693070574855e-01
3.624600120783361135e-01 6.375399879216637755e-01
4.063137379305415409e-01 5.936862620694582926e-01
8.459575840215568521e-01 1.540424159784430647e-01
7.294985001976140859e-01 2.705014998023859141e-01
3.128038557631191985e-01 6.871961442368808015e-01
6.587289218921038580e-01 3.412710781078961420e-01
5.857182876962927498e-01 4.142817123037071392e-01
9.385825583672086081e-01 6.141744163279141966e-02
5.326589387478473103e-01 4.673410612521525787e-01
4.346350455868548401e-01 5.653649544131451599e-01
8.795918592871108110e-01 1.204081407128893555e-01
2.100145948613585389e-01 7.899854051386414611e-01
6.079534976470062357e-01 3.920465023529937643e-01
3.202504725386813855e-01 6.797495274613186700e-01
5.950298794700086269e-01 4.049701205299913176e-01
3.798712190468681027e-01 6.201287809531319528e-01
2.951080504005267890e-01 7.048919495994729889e-01
6.458671840792962193e-01 3.541328159207038917e-01
7.122100789951622823e-02 9.287789921004836469e-01
7.039537959334262185e-01 2.960462040665735595e-01
7.789236943001467406e-01 2.210763056998533149e-01
2.048420615264072431e-01 7.951579384735929512e-01
4.256884052429932286e-01 5.743115947570066604e-01
3.112880085319318368e-01 6.887119914680681632e-01
3.224678609046718325e-01 6.775321390953282785e-01
5.163139503630722604e-01 4.836860496369277951e-01
6.773680375475780169e-01 3.226319624524219831e-01
4.369944949386601607e-01 5.630055050613397283e-01
3.212568601512152400e-01 6.787431398487848710e-01
8.107140583641500031e-01 1.892859416358503022e-01
8.522898923732313836e-01 1.477101076267688662e-01
5.924393750922387625e-01 4.075606249077611820e-01
9.038383028490842852e-01 9.616169715091590908e-02
5.939425055631651906e-01 4.060574944368348094e-01
6.544884538329671653e-01 3.455115461670328347e-01
2.612663356403042703e-01 7.387336643596960073e-01
2.303575191381552756e-01 7.696424808618446134e-01
4.743801475630989861e-01 5.256198524369011249e-01
1.967074785365634237e-01 8.032925214634365485e-01
6.111895109540989024e-01 3.888104890459008756e-01
7.926960450501864264e-01 2.073039549498137402e-01
8.274298196333673694e-01 1.725701803666327139e-01
8.273218200333515293e-01 1.726781799666486095e-01
2.444490445135445444e-01 7.555509554864554556e-01
7.461510313428838526e-01 2.538489686571161474e-01
8.020689817196471338e-01 1.979310182803530049e-01
7.488376633009680150e-01 2.511623366990319295e-01
6.009269030435675923e-02 9.399073096956431783e-01
4.316942405675813776e-01 5.683057594324184558e-01
1.328487397579977691e-01 8.671512602420025084e-01
8.080830418273505789e-01 1.919169581726495322e-01
8.375159547256385562e-01 1.624840452743614994e-01
5.604780903023710570e-01 4.395219096976288320e-01
3.278685771931997284e-01 6.721314228068003827e-01
2.732615267928213409e-01 7.267384732071786591e-01
8.571990471080080942e-01 1.428009528919917115e-01
3.243022859039601524e-01 6.756977140960395145e-01
1.347336729630730368e-01 8.652663270369269632e-01
2.908868276988683596e-02 9.709113172301130357e-01
5.864752650958460212e-01 4.135247349041540899e-01
4.867880896884733688e-01 5.132119103115265757e-01
4.688124400655815371e-01 5.311875599344184629e-01
7.537421723746018376e-01 2.462578276253979681e-01
7.078156652964545659e-01 2.921843347035455452e-01
1.154043385470704813e-01 8.845956614529295603e-01
6.012570223350114373e-01 3.987429776649885627e-01
4.277389400477860093e-01 5.722610599522138797e-01
5.102633884113524365e-01 4.897366115886476745e-01
8.561408659123687093e-01 1.438591340876312907e-01
1.045423844007132563e-01 8.954576155992866049e-01
4.317610375060782490e-01 5.682389624939216954e-01
2.374673104388692058e-01 7.625326895611307387e-01
7.920657929496565108e-01 2.079342070503434614e-01
2.422151428526324868e-01 7.577848571473674300e-01
7.778432769982689399e-01 2.221567230017310046e-01
6.214174857867249546e-01 3.785825142132751009e-01
5.458131017783298677e-01 4.541868982216700767e-01
7.125547564787882981e-01 2.874452435212118129e-01
7.608890841219917434e-01 2.391109158780085342e-01
7.842211083554621043e-01 2.157788916445379235e-01
8.619528632039911153e-01 1.380471367960087736e-01
1.574630404491411118e-01 8.425369595508589438e-01
5.688891807174641935e-01 4.311108192825359176e-01
7.793471901065652796e-01 2.206528098934348037e-01
6.387229535754032073e-01 3.612770464245968483e-01
3.546417299218004859e-01 6.453582700781995696e-01
6.112626700924490564e-01 3.887373299075509436e-01
7.209663854492081025e-01 2.790336145507918419e-01
7.504600107997780878e-01 2.495399892002218012e-01
7.385347607501282496e-01 2.614652392498715283e-01
8.677904336201102131e-01 1.322095663798897036e-01
7.361558315191453206e-01 2.638441684808547349e-01
1.182594011295733522e-01 8.817405988704266617e-01
1.411987794686770936e-01 8.588012205313230174e-01
6.206299153919256906e-01 3.793700846080743649e-01
2.842509169089615928e-01 7.157490830910382407e-01
6.032712193670876077e-01 3.967287806329123367e-01
7.493519146056979441e-01 2.506480853943021669e-01
5.605701105811203844e-01 4.394298894188795601e-01
5.000000000000000000e-01 5.000000000000000000e-01
3.364544982727709077e-01 6.635455017272292588e-01
6.921580458919602830e-01 3.078419541080398281e-01
7.251965408751479547e-01 2.748034591248520453e-01
7.507478105526476098e-01 2.492521894473521682e-01
6.492108919785998244e-01 3.507891080214000645e-01
4.546503788211174180e-01 5.453496211788826376e-01
2.994370347125803744e-01 7.005629652874195701e-01
8.228534734897602343e-01 1.771465265102395437e-01
7.121585851991614202e-01 2.878414148008388018e-01
3.815490046176206462e-01 6.184509953823793538e-01
8.371532122888462046e-01 1.628467877111538509e-01
8.072509732426202955e-01 1.927490267573798433e-01
4.797327158377318046e-01 5.202672841622680844e-01
5.599044919614730720e-01 4.400955080385268170e-01
4.606774622396537233e-01 5.393225377603463322e-01
6.682160198731474932e-01 3.317839801268524513e-01
1.762836799695182699e-01 8.237163200304815636e-01
6.928823511874828700e-01 3.071176488125169635e-01
7.168187335722071563e-01 2.831812664277926217e-01
8.930105984024253596e-01 1.069894015975748208e-01
6.642472999490566243e-01 3.357527000509435422e-01
6.915544439360726825e-01 3.084455560639271510e-01
5.178106880030843850e-01 4.821893119969154484e-01
8.727941416609653613e-01 1.272058583390346942e-01
3.972160313661299846e-01 6.027839686338700709e-01
1.350856104823732751e-01 8.649143895176266694e-01
5.824395350124157433e-01 4.175604649875842567e-01
3.608686074026335455e-01 6.391313925973662879e-01
6.276306059955162331e-01 3.723693940044838224e-01
3.532274496808291420e-01 6.467725503191709135e-01
7.669953262390543092e-01 2.330046737609457463e-01
2.510780774845569607e-01 7.489219225154429838e-01
1.840544128853209838e-01 8.159455871146791273e-01
8.588716643777745130e-01 1.411283356222254592e-01
8.601983420964889326e-01 1.398016579035109286e-01
3.025622360933636901e-01 6.974377639066363654e-01
7.283984118235545813e-01 2.716015881764454742e-01
5.779696282721089595e-01 4.220303717278909850e-01
8.587476831668174881e-01 1.412523168331825396e-01
7.510609688145230001e-01 2.489390311854770277e-01
8.299614981182423801e-01 1.700385018817576754e-01
2.900963606539946893e-01 7.099036393460053107e-01
6.571184297639145466e-01 3.428815702360853424e-01
8.001823319255932931e-01 1.998176680744067069e-01
3.264756094559812666e-02 9.673524390544018248e-01
8.345304554256233187e-01 1.654695445743766813e-01
1.718427203591100516e-01 8.281572796408899206e-01
1.812281862339762128e-01 8.187718137660237039e-01
5.161907295076521018e-01 4.838092704923478427e-01
4.011268034948471950e-01 5.988731965051526940e-01
1.730157911104347745e-01 8.269842088895651422e-01
7.316164130822478961e-01 2.683835869177518818e-01
8.090033963348640667e-01 1.909966036651358778e-01
8.536109333423648193e-01 1.463890666576349586e-01
3.909731924516427481e-01 6.090268075483571408e-01
8.270347518651589569e-01 1.729652481348410431e-01
4.943565171263852309e-01 5.056434828736147136e-01
3.996678802888359305e-01 6.003321197111639584e-01
6.854831182968442738e-01 3.145168817031555042e-01
7.361944774543808245e-01 2.638055225456195640e-01
8.307823401086549264e-01 1.692176598913449626e-01
7.702601381551424931e-01 2.297398618448576457e-01
2.643467304362440706e-01 7.356532695637559849e-01
8.265112297521458595e-01 1.734887702478540850e-01
4.671019362582324308e-01 5.328980637417676247e-01
2.411018234856723563e-01 7.588981765143273384e-01
8.258693291694458871e-01 1.741306708305541406e-01
7.037238011018772665e-01 2.962761988981225669e-01
5.836012648485966459e-01 4.163987351514034652e-01
7.506540320472341321e-01 2.493459679527661732e-01
7.056054240601670191e-01 2.943945759398329809e-01
3.682521239990965145e-01 6.317478760009035410e-01
1.845052970633796752e-01 8.154947029366200750e-01
3.888573024515868393e-01 6.111426975484129942e-01
8.223018293801588330e-01 1.776981706198409450e-01
8.506484041090545123e-01 1.493515958909456542e-01
4.444535584296792630e-01 5.555464415703208481e-01
5.507520095270305172e-01 4.492479904729694828e-01
2.055671537290345297e-01 7.944328462709655536e-01
5.330577198748959189e-01 4.669422801251041921e-01
8.093908723761236157e-01 1.906091276238762733e-01
4.367633047623241671e-01 5.632366952376758329e-01
8.390014245053759590e-01 1.609985754946240410e-01
3.189995576911769937e-01 6.810004423088232839e-01
6.277472900488804131e-01 3.722527099511195314e-01
7.544917323149497035e-01 2.455082676850501855e-01
8.618686411446718765e-01 1.381313588553281513e-01
4.852022090174429869e-01 5.147977909825569576e-01
9.019114886292424194e-01 9.808851137075749738e-02
2.106887374272106428e-01 7.893112625727893850e-01
8.196897054804920257e-01 1.803102945195079743e-01
6.658366752522770771e-01 3.341633247477230895e-01
1.837797729721473150e-01 8.162202270278525740e-01
6.703716958186730634e-01 3.296283041813269921e-01
4.942805930559123762e-01 5.057194069440876794e-01
8.661014533789960224e-01 1.338985466210041164e-01
2.405411106042249225e-01 7.594588893957751052e-01
3.753096396921806049e-02 9.624690360307820436e-01
6.083448017479894387e-01 3.916551982520106168e-01
7.804169137485875707e-01 2.195830862514126236e-01
7.358736628341833175e-01 2.641263371658166825e-01
7.269996418291077012e-01 2.730003581708922988e-01
8.081690177170818279e-01 1.918309822829180333e-01
6.635766381902676869e-01 3.364233618097324241e-01
7.562677388283319813e-01 2.437322611716680743e-01
6.575142555871451577e-01 3.424857444128549533e-01
1.098568371737994320e-01 8.901431628262007623e-01
4.291408239150553139e-01 5.708591760849446306e-01
2.993177358481149963e-01 7.006822641518848371e-01
4.345812133731779547e-01 5.654187866268222118e-01
4.482964043507898233e-01 5.517035956492103432e-01
2.528171281178792640e-01 7.471828718821207360e-01
8.617527036087462289e-01 1.382472963912535768e-01
3.221146369174949786e-01 6.778853630825049104e-01
5.860411929857982649e-01 4.139588070142017351e-01
7.354440319269907045e-01 2.645559680730092400e-01
4.476991000159674661e-01 5.523008999840326450e-01
8.461724235988133946e-01 1.538275764011867441e-01
5.702718588997461868e-01 4.297281411002538132e-01
2.405045962517323443e-01 7.594954037482678499e-01
5.820110783072807159e-01 4.179889216927193951e-01
6.677708918333270516e-01 3.322291081666729484e-01
3.716697889973463731e-01 6.283302110026536269e-01
7.459168818959194258e-02 9.254083118104080574e-01
7.214844732751881651e-01 2.785155267248117794e-01
4.412171718932662023e-01 5.587828281067338532e-01
5.761353334756247335e-01 4.238646665243752110e-01
8.960060222077492753e-01 1.039939777922506553e-01
1.842362975984098428e-01 8.157637024015902405e-01
8.650227002560531009e-01 1.349772997439467881e-01
8.350749588840554738e-01 1.649250411159444152e-01
7.728436837553106509e-01 2.271563162446893769e-01
8.995356756310141089e-01 1.004643243689859605e-01
3.476250822146150776e-01 6.523749177853847003e-01
9.222855024969212057e-01 7.771449750307878046e-02
4.752255339985123617e-01 5.247744660014875828e-01
4.587041102042697660e-01 5.412958897957301785e-01
7.153341844907003255e-02 9.284665815509299813e-01
2.713853379704539992e-01 7.286146620295460563e-01
7.611024013646552344e-01 2.388975986353448211e-01
8.799067349498030932e-01 1.200932650501968374e-01
6.407373747303882761e-01 3.592626252696117239e-01
4.141614626199009441e-01 5.858385373800990559e-01
5.703395092239484931e-01 4.296604907760513403e-01
8.115785575898264437e-01 1.884214424101736673e-01
4.222387883142815768e-01 5.777612116857183677e-01
8.579605161472056984e-01 1.420394838527943293e-01
3.850146009405207015e-01 6.149853990594793540e-01
5.055252315692880805e-01 4.944747684307118085e-01
5.439266643512365995e-01 4.560733356487635670e-01
2.956323501976909074e-01 7.043676498023089261e-01
9.391776166721609032e-02 9.060822383327838958e-01
2.471303477123813486e-01 7.528696522876188180e-01
7.755332852048832937e-01 2.244667147951167896e-01
4.738819510082537545e-01 5.261180489917463010e-01
6.255011135586259208e-01 3.744988864413739682e-01
1.493566834782183994e-01 8.506433165217816006e-01
8.300523560600827633e-01 1.699476439399172645e-01
5.520814722716251843e-01 4.479185277283746491e-01
8.994040151061336030e-02 9.100595984893865564e-01
7.798881109097766107e-01 2.201118890902232506e-01
4.912391992999461388e-01 5.087608007000540278e-01
5.847146370165375862e-01 4.152853629834623583e-01
4.749777679834844835e-02 9.525022232016515655e-01
6.513068065834342057e-01 3.486931934165657943e-01
5.103568604037438394e-01 4.896431395962560496e-01
5.193454948438477325e-01 4.806545051561522119e-01
5.253654616822729384e-01 4.746345383177268951e-01
3.695940103922244480e-01 6.304059896077756076e-01
3.722126087368421432e-01 6.277873912631579678e-01
7.901004925450360039e-01 2.098995074549638851e-01
7.887031725844485530e-01 2.112968274155517523e-01
7.171990489840067706e-01 2.828009510159932294e-01
7.988135016886289685e-01 2.011864983113710870e-01
7.095695197102518392e-01 2.904304802897483273e-01
5.837494352055185853e-01 4.162505647944815812e-01
4.199415125361379286e-01 5.800584874638621269e-01
5.827520411662407973e-01 4.172479588337591472e-01
3.530774148088242081e-01 6.469225851911758474e-01
5.711611812230849017e-01 4.288388187769150983e-01
2.325999373606489895e-01 7.674000626393512325e-01
3.103284822076756710e-01 6.896715177923242734e-01
9.258822483534319414e-02 9.074117751646567642e-01
4.610222334958439250e-01 5.389777665041560750e-01
5.876442139705108092e-01 4.123557860294891353e-01
6.771188789490268922e-01 3.228811210509729412e-01
7.060655978608187944e-01 2.939344021391814277e-01
2.480278204739247150e-01 7.519721795260752017e-01
7.324758191464840751e-01 2.675241808535156474e-01
5.281030752201973932e-01 4.718969247798025513e-01
8.740274083040501518e-02 9.125972591695949987e-01
6.133188178538308000e-01 3.866811821461690335e-01
1.228693935752523947e-01 8.771306064247477163e-01
2.045594331743842142e-01 7.954405668256157025e-01
8.334296045823610388e-01 1.665703954176390722e-01
7.634201778067406519e-01 2.365798221932595147e-01
6.132762024617142149e-01 3.867237975382858961e-01
5.688784533562829537e-01 4.311215466437171018e-01
8.186734818160188443e-01 1.813265181839813500e-01
8.612019284896595961e-01 1.387980715103401819e-01
7.127760536597864682e-01 2.872239463402131987e-01
6.602500823705711452e-01 3.397499176294289103e-01
7.543499299537799185e-01 2.456500700462201092e-01
9.348619647135361643e-02 9.065138035286465223e-01
5.833924947798794225e-01 4.166075052201205775e-01
3.685735793043113939e-01 6.314264206956886616e-01
3.528889311535874929e-01 6.471110688464126737e-01
7.487059182497803889e-01 2.512940817502195001e-01
5.061303099230129998e-01 4.938696900769868892e-01
5.059032264716175620e-01 4.940967735283823270e-01
4.623823177588761713e-01 5.376176822411238287e-01
4.250714899508977185e-01 5.749285100491023925e-01
7.780829100287254274e-01 2.219170899712746281e-01
6.008778758987659563e-01 3.991221241012342102e-01
7.526734201987104189e-01 2.473265798012896088e-01
8.822596479003571579e-01 1.177403520996427727e-01
2.579605031329798015e-01 7.420394968670200875e-01
3.370768725658943588e-01 6.629231274341056412e-01
6.568986583939626644e-01 3.431013416060374466e-01
4.364789759557900495e-01 5.635210240442098950e-01
5.188987916805273271e-01 4.811012083194726729e-01
8.787556671273919484e-01 1.212443328726078573e-01
5.172907826890722482e-01 4.827092173109276407e-01
5.966720620654090146e-01 4.033279379345910409e-01
5.908924077309972711e-01 4.091075922690025624e-01
5.247149805283599644e-01 4.752850194716401466e-01
2.355288803761747818e-01 7.644711196238251905e-01
8.781937982352797656e-01 1.218062017647201650e-01
6.207405668434631263e-01 3.792594331565368737e-01
6.819624880913484066e-01 3.180375119086515379e-01
3.239136318313238783e-01 6.760863681686761772e-01
8.845098981099748237e-01 1.154901018900254123e-01
8.009428780767404721e-01 1.990571219232595557e-01
2.922439542392313849e-01 7.077560457607686706e-01
7.818054990190073106e-01 2.181945009809926617e-01
7.151656627805148547e-01 2.848343372194852563e-01
4.174696967640383893e-01 5.825303032359615552e-01
8.980190073410325435e-02 9.101980992658966763e-01
5.310291396382025297e-01 4.689708603617975258e-01
7.772739418923269028e-01 2.227260581076729029e-01
2.386860906221013878e-01 7.613139093778986677e-01
4.477285969835338442e-01 5.522714030164661558e-01
7.065387771934278360e-01 2.934612228065720529e-01
1.894785800629028016e-01 8.105214199370971428e-01
8.168716754277397518e-01 1.831283245722601372e-01
2.666668867806115673e-01 7.333331132193884327e-01
6.892073109919495399e-01 3.107926890080502935e-01
3.705717858190020475e-02 9.629428214180996148e-01
7.922794161739220575e-01 2.077205838260778037e-01
3.366745706011357586e-01 6.633254293988642969e-01
9.059346555986200755e-01 9.406534440137999387e-02
6.110681186970344791e-01 3.889318813029654653e-01
8.716096522585814466e-01 1.283903477414186645e-01
4.262291577666570963e-01 5.737708422333428482e-01
4.690325818065226859e-01 5.309674181934772585e-01
3.581814136980100982e-01 6.418185863019898463e-01
1.660520171853979987e-01 8.339479828146019180e-01
5.834311708058332879e-01 4.165688291941666566e-01
6.499600101309237488e-01 3.500399898690763623e-01
7.456049401826487788e-01 2.543950598173513877e-01
5.414504741036771929e-01 4.585495258963227516e-01
2.290959672617611520e-01 7.709040327382388202e-01
6.952306120198975536e-01 3.047693879801024464e-01
6.121033949463545731e-01 3.878966050536454269e-01
6.674201033884352707e-01 3.325798966115647293e-01
8.137784125469186280e-01 1.862215874530812332e-01
7.236708630521763164e-01 2.763291369478236836e-01
7.683224507755010979e-01 2.316775492244988188e-01
7.134245715270521870e-01 2.865754284729480350e-01
6.331406766539691144e-01 3.668593233460309411e-01
1.747975331007179667e-01 8.252024668992818945e-01
4.627089131189460747e-01 5.372910868810540919e-01
5.087827961853708114e-01 4.912172038146290221e-01
6.645411389643259836e-01 3.354588610356740164e-01
4.266059949227900550e-01 5.733940050772099450e-01
6.967530996098735274e-01 3.032469003901264726e-01
7.940449522438749463e-01 2.059550477561249981e-01
5.077359422416525270e-01 4.922640577583471955e-01
7.438587865548104139e-01 2.561412134451892531e-01
5.647074237996355661e-01 4.352925762003646004e-01
4.057755407565739048e-01 5.942244592434261508e-01
5.480949336244261838e-01 4.519050663755740382e-01
5.463498694263495548e-01 4.536501305736502787e-01
2.661862759223850849e-01 7.338137240776149151e-01
8.838151341792355176e-01 1.161848658207645379e-01
6.475684512371765456e-01 3.524315487628234544e-01
7.597053878932900073e-01 2.402946121067101037e-01
4.687125023480332442e-01 5.312874976519667003e-01
7.004132618077995032e-01 2.995867381922002748e-01
3.896252105389421128e-01 6.103747894610579428e-01
2.292313786282472177e-01 7.707686213717526158e-01
5.682791987766656616e-01 4.317208012233342829e-01
6.037490831407985592e-01 3.962509168592014963e-01
7.782990591296038430e-01 2.217009408703962958e-01
3.766429941530619607e-01 6.233570058469380948e-01
7.726286442512257935e-01 2.273713557487741510e-01
2.002024650516899817e-01 7.997975349483100738e-01
5.685920887013805602e-01 4.314079112986194953e-01
7.186015540386896383e-01 2.813984459613106948e-01
2.302082510834033147e-01 7.697917489165968519e-01
8.274579916230001553e-01 1.725420083769997615e-01
7.633092784695080235e-01 2.366907215304920598e-01
5.062225308925486500e-01 4.937774691074511280e-01
1.442759812508207784e-01 8.557240187491792494e-01
4.235050845707440392e-01 5.764949154292560163e-01
3.572600772479166409e-01 6.427399227520832481e-01
2.556285732280790812e-01 7.443714267719210298e-01
7.972632631199667586e-01 2.027367368800333247e-01
1.913643430319899585e-01 8.086356569680100970e-01
4.561874280433733664e-01 5.438125719566265781e-01
5.142703767239383827e-01 4.857296232760616728e-01
6.343106270136107394e-01 3.656893729863892606e-01
2.573847960808187119e-01 7.426152039191814547e-01
3.738393643720683834e-01 6.261606356279316721e-01
4.888036008043514791e-01 5.111963991956486320e-01
6.998471057154147523e-01 3.001528942845852477e-01
5.000000000000000000e-01 5.000000000000000000e-01
8.325456283776173638e-01 1.674543716223824974e-01
7.135236988160513771e-01 2.864763011839485674e-01
4.097520521397460258e-01 5.902479478602540297e-01
6.350014877646324996e-01 3.649985122353676115e-01
5.938566705138151880e-01 4.061433294861847010e-01
7.159252965976130589e-01 2.840747034023869411e-01
4.288219938573869516e-01 5.711780061426130484e-01
1.897179680644900113e-01 8.102820319355097389e-01
3.108502062772420804e-01 6.891497937227577530e-01
6.961048051955207594e-01 3.038951948044790186e-01
7.854085712432667954e-01 2.145914287567329271e-01
1.079426538735888258e-01 8.920573461264109660e-01
6.508718659038406074e-01 3.491281340961592816e-01
3.394022959066801404e-01 6.605977040933198596e-01
1.495451823432756566e-01 8.504548176567242601e-01
5.875360310991015744e-01 4.124639689008983146e-01
7.999313405237024055e-02 9.200068659476295929e-01
8.679120876731825085e-01 1.320879123268175470e-01
2.267696269913124785e-01 7.732303730086873550e-01
7.832579716204600695e-01 2.167420283795400415e-01
5.237431726373801277e-01 4.762568273626197612e-01
6.984115943735451637e-01 3.015884056264547808e-01
4.342093034770397875e-01 5.657906965229603236e-01
3.601165246612313409e-01 6.398834753387685481e-01
8.440132542121843162e-01 1.559867457878156838e-01
1.649425652904609463e-01 8.350574347095389705e-01
4.227106471727240522e-01 5.772893528272757813e-01
5.000000000000000000e-01 5.000000000000000000e-01
3.524596004471834965e-01 6.475403995528165035e-01
6.840127948127548985e-01 3.159872051872451015e-01
6.141030766031096988e-02 9.385896923396890301e-01
8.335982217361735946e-01 1.664017782638265164e-01
5.472333894507488417e-01 4.527666105492510473e-01
6.022041602291198226e-01 3.977958397708799554e-01
8.695188772385263887e-01 1.304811227614737223e-01
4.788363301377109305e-01 5.211636698622890140e-01
1.034084043821183324e-01 8.965915956178819313e-01
5.115306853625033456e-01 4.884693146374965989e-01
4.384387828015029465e-01 5.615612171984971646e-01
8.725657720851437427e-01 1.274342279148561463e-01
7.923337956920941672e-01 2.076662043079059161e-01
8.408996897146683303e-01 1.591003102853314755e-01
4.552244004909839492e-01 5.447755995090161063e-01
7.508351333266370942e-01 2.491648666733628503e-01
8.158917628841557690e-01 1.841082371158441200e-01
3.254131990585522605e-01 6.745868009414477395e-01
7.796525827176203904e-01 2.203474172823796373e-01
8.510563313864893953e-01 1.489436686135105214e-01
7.657609126877368277e-01 2.342390873122630335e-01
2.486273902522674328e-01 7.513726097477324561e-01
2.866593404733860928e-01 7.133406595266138517e-01
6.929478665086976630e-01 3.070521334913022815e-01
1.257664736201308531e-01 8.742335263798690637e-01
6.064840280174204068e-01 3.935159719825795932e-01
7.632896663493554668e-01 2.367103336506448663e-01
3.333003744077238095e-01 6.666996255922760239e-01
6.832074647769377229e-01 3.167925352230623326e-01
2.354414375205780008e-01 7.645585624794217772e-01
6.445135351131078272e-01 3.554864648868922283e-01
7.813732185075931147e-01 2.186267814924070518e-01
7.909443015347047412e-01 2.090556984652950923e-01
6.180686878411209562e-02 9.381931312158878766e-01
4.617670735430691176e-01 5.382329264569309935e-01
1.336178132447631561e-01 8.663821867552367051e-01
5.819182360820582822e-01 4.180817639179417178e-01
6.408436657722674790e-01 3.591563342277324100e-01
8.685927953124188416e-01 1.314072046875812694e-01
3.982020532452524852e-01 6.017979467547474037e-01
1.021710488140121914e-01 8.978289511859878225e-01
5.621956856895559129e-01 4.378043143104441426e-01
5.311683966457582118e-01 4.688316033542416772e-01
7.987250904625806669e-01 2.012749095374192221e-01
7.423702652124397616e-01 2.576297347875601274e-01
7.796569362138823234e-01 2.203430637861177044e-01
4.071420954971957662e-01 5.928579045028042893e-01
7.948203924572514456e-01 2.051796075427486654e-01
3.791873776515890526e-01 6.208126223484109474e-01
8.181057222792177397e-01 1.818942777207822603e-01
3.974736406468162841e-01 6.025263593531836603e-01
8.284015435845609732e-01 1.715984564154389436e-01
3.013012046405572630e-01 6.986987953594426815e-01
7.003434701906308124e-01 2.996565298093691876e-01
2.662167258470731213e-01 7.337832741529267677e-01
9.012826063144413480e-01 9.871739368555872141e-02
6.122392660969084854e-01 3.877607339030915701e-01
7.515134414403225049e-01 2.484865585596774118e-01
2.908131329201331106e-01 7.091868670798668894e-01
6.046861040495538075e-01 3.953138959504460259e-01
2.361892381895267234e-01 7.638107618104735819e-01
7.391272931548770186e-01 2.608727068451229258e-01
3.169917621931924723e-01 6.830082378068075277e-01
8.619638960260775917e-01 1.380361039739226026e-01
7.103248891467236481e-01 2.896751108532766295e-01
7.237141437491099172e-01 2.762858562508901383e-01
1.104012359045187935e-01 8.895987640954813314e-01
8.012756277774139013e-01 1.987243722225860154e-01
6.914495526337217646e-01 3.085504473662781799e-01
2.126174047551559476e-01 7.873825952448439969e-01
6.137623697543247436e-01 3.862376302456750343e-01
3.989623825261914836e-01 6.010376174738085719e-01
8.379274133879263120e-01 1.620725866120738545e-01
7.553600465366586691e-01 2.446399534633412753e-01
8.897364311975032303e-01 1.102635688024966865e-01
6.331769756647011027e-01 3.668230243352988973e-01
7.102800338730507201e-01 2.897199661269493909e-01
1.916411061999995502e-01 8.083588938000005886e-01
8.804166263101458334e-01 1.195833736898542221e-01
7.970040271849515578e-01 2.029959728150486087e-01
8.325435325681602716e-01 1.674564674318396451e-01
6.802108413370596685e-01 3.197891586629399985e-01
2.829575313224106936e-01 7.170424686775892509e-01
6.317693789255574011e-01 3.682306210744425989e-01
7.626333235367771524e-01 2.373666764632227921e-01
4.057434273804110814e-01 5.942565726195889741e-01
8.525249328769906043e-01 1.474750671230096177e-01
7.654866217806388651e-01 2.345133782193612459e-01
4.686316634881647625e-01 5.313683365118352375e-01
7.717273442429971597e-01 2.282726557570027293e-01
6.772327319795498068e-01 3.227672680204501932e-01
3.871445558122025288e-01 6.128554441877975822e-01
6.480471272240324598e-01 3.519528727759675957e-01
2.540119419430130754e-01 7.459880580569866471e-01
4.921549529181361016e-01 5.078450470818638429e-01
8.606621247506236472e-01 1.393378752493761863e-01
8.929538472841762609e-01 1.070461527158239473e-01
3.053969789250067235e-01 6.946030210749932765e-01
4.123627653505828050e-01 5.876372346494171950e-01
3.801042401338303733e-01 6.198957598661696267e-01
1.513311538584844462e-01 8.486688461415153872e-01
4.005779636158146584e-01 5.994220363841852306e-01
1.959821585674778877e-01 8.040178414325221956e-01
6.489695278309963733e-01 3.510304721690037377e-01
7.059428142979885523e-01 2.940571857020113922e-01
6.244299833349354900e-01 3.755700166650645655e-01
5.831286617998192590e-01 4.168713382001809076e-01
7.156597099450919819e-01 2.843402900549082402e-01
4.857017168908279725e-01 5.142982831091720275e-01
8.871745581425354299e-01 1.128254418574646950e-01
3.483731761960373041e-01 6.516268238039626404e-01
2.975329613318930533e-01 7.024670386681071133e-01
5.888227285457914295e-01 4.111772714542086815e-01
8.014360829967996924e-01 1.985639170032003353e-01
3.261407978721372336e-01 6.738592021278630995e-01
8.611429681211371090e-01 1.388570318788626412e-01
5.540401236499065130e-01 4.459598763500935981e-01
2.389140070034913854e-01 7.610859929965084758e-01
5.145210172458083431e-01 4.854789827541918790e-01
1.297438406627485774e-01 8.702561593372515336e-01
4.386640872894336796e-01 5.613359127105662649e-01
4.165196209538679639e-01 5.834803790461321471e-01
4.546563621421915169e-01 5.453436378578084831e-01
7.624051936197036028e-01 2.375948063802963417e-01
3.570046111170037118e-01 6.429953888829963438e-01
4.321803634033541952e-01 5.678196365966460268e-01
4.622676050261037006e-01 5.377323949738963549e-01
4.882701638034832592e-01 5.117298361965166853e-01
8.268215164309584697e-01 1.731784835690415025e-01
5.303948394048395576e-01 4.696051605951604424e-01
7.548698102731280501e-01 2.451301897268720886e-01
4.546698612245188009e-01 5.453301387754811991e-01
2.611525155899072081e-01 7.388474844100928474e-01
9.116141627441987083e-01 8.838583725580118067e-02
6.341497361176892111e-01 3.658502638823108444e-01
5.481585734453211511e-01 4.518414265546789599e-01
8.096546709285302734e-01 1.903453290714696433e-01
1.922759695491421117e-01 8.077240304508580548e-01
7.821532223266832728e-01 2.178467776733166161e-01
3.436491124913503281e-01 6.563508875086495609e-01
4.503616591505431033e-01 5.496383408494570633e-01
7.052423988905004437e-01 2.947576011094995008e-01
2.200663540921896089e-01 7.799336459078104467e-01
8.041680744227320821e-01 1.958319255772681122e-01
5.284577022124017365e-01 4.715422977875980970e-01
3.001081875664347032e-01 6.998918124335653523e-01
1.519170886562056788e-01 8.480829113437944322e-01
4.177618658171257660e-01 5.822381341828741785e-01
5.065089717686618309e-01 4.934910282313381691e-01
6.538844852699731147e-01 3.461155147300268853e-01
1.435750823805296839e-01 8.564249176194701496e-01
8.937688305183572046e-01 1.062311694816427399e-01
5.407949345180282918e-01 4.592050654819717637e-01
6.083076462453500532e-01 3.916923537546499468e-01
6.949421025234453486e-01 3.050578974765547069e-01
6.005459011962966942e-01 3.994540988037032503e-01
6.033049463287913916e-01 3.966950536712086084e-01
6.797154350729043282e-01 3.202845649270953388e-01
3.980123176716188760e-01 6.019876823283811795e-01
